16 16
################
##..#..#.......#
#......#......##
#...#..##..#..##
##.#...#......##
#......#.......#
#.........##...#
######.#.#..####
#....#.........#
#....#.#.......#
#....#.#..##...#
#....#.#..#D..##
#.#..#.#....#..#
#......#......##
#......#...#.###
################
4 4
49
2 4 143 43 98 1
4 2 255 95 75 1
5 2 143 43 98 -1
2 2 255 219 102 1
6 2 30 142 184 -1
2 5 255 95 75 -1
2 6 30 142 184 1
11 12 255 219 102 -1
12 11 255 219 102 -1
12 13 30 142 184 2
6 9 138 189 255 -10
6 6 207 122 219 -1
8 6 207 122 219 -1
8 8 207 122 219 1
6 8 207 122 219 1
6 130 142 184 0 -1
6 11 207 122 219 5
6 12 207 122 219 -2
6 13 207 122 219 -1
13 12 138 189 255 -2
8 4 138 189 255 1
10 2 138 189 255 4
11 2 138 189 255 -2
12 2 138 189 255 -4
13 5 138 189 255 4
12 4 138 189 255 -3
11 4 138 189 255 1
10 3 138 189 255 6
10 4 138 189 255 -5
10 5 138 189 255 1
11 5 138 189 255 1
12 5 138 189 255 3
12 3 138 189 255 3
3 13 30 142 184 -1
6 14 255 95 75 1
2 14 255 95 75 -1
1 14 143 43 98 -1
2 9 143 43 98 2
1 9 255 95 75 -2
3 9 255 95 75 -2
4 9 255 95 75 -2
2 1207 122 219 255 -1
2 11 255 95 75 4
2 8 207 122 219 2
1 8 255 95 75 -2
3 11 207 122 219 -2
4 13 138 189 255 2
10 12 255 95 75 -1
12 10 255 95 75 -1
