16 16
################
#............###
#............###
#..#...........#
#..####.###....#
#..#..###..#...#
#..#...#...#...#
#..#.......#...#
#..#.#...#.#...#
#..#..#.#..#...#
#..#.......#...#
#..#.#####.#...#
#..#.........#.#
#..#########.#.#
#............#D#
################
7 7
29
10 6 255 95 75 -1
10 8 207 122 219 -1
4 8 255 95 75 -1
8 10 255 95 75 1
6 130 142 184 0 1
4 6 207 122 219 -1
14 13 255 219 102 5
14 12 30 142 184 -3
13 3 30 142 184 3
14 3 255 219 102 -5
4 2 30 142 184 2
5 2 30 142 184 -1
6 2 30 142 184 2
7 3 30 142 184 1
8 2 30 142 184 2
9 2 30 142 184 1
11 2 255 219 102 2
10 2 255 219 102 3
2 4 255 219 102 -6
2 12 255 219 102 1
2 1138 189 255 0 -1
5 3 30 142 184 1
6 3 30 142 184 -1
7 2 30 142 184 -1
8 3 30 142 184 -1
9 3 30 142 184 -4
2 6 143 43 98 1
2 8 143 43 98 -1
3 2 30 142 184 -1
