13 13
#############
#.........#.#
###.#.#.#.#.#
#...........#
#.#.......#.#
#....#.#....#
#.#...D...#.#
#....#.#....#
#.#.......#.#
#...........#
#.#.#.#.#.###
#.#.........#
#############
1 1
40
3 2 255 95 75 1
5 2 255 219 102 1
7 2 255 95 75 1
9 2 255 219 102 1
2 3 255 95 75 1
4 3 255 219 102 1
6 3 255 95 75 1
8 3 255 219 102 1
10 3 255 95 75 1
3 4 255 219 102 1
5 4 255 95 75 1
7 4 255 219 102 1
9 4 255 95 75 1
2 5 255 219 102 1
4 5 255 95 75 1
6 5 255 219 102 -7
8 5 255 95 75 1
10 5 255 219 102 1
3 6 255 95 75 1
5 6 255 219 102 -7
7 6 255 95 75 -7
9 6 255 219 102 1
2 7 255 95 75 1
4 7 255 219 102 1
6 7 255 95 75 -7
8 7 255 219 102 1
10 7 255 95 75 1
3 8 255 219 102 1
5 8 255 95 75 1
7 8 255 219 102 1
9 8 255 95 75 1
2 9 255 219 102 1
4 9 255 95 75 1
6 9 255 219 102 1
8 9 255 95 75 1
10 9 255 219 102 1
3 10 255 95 75 1
5 10 255 219 102
7 10 255 95 75 1
9 10 255 219 102 1
